Rk,Team,Year,G,MP,W,L,WIN%,FG,FGA,FG%,3P,3PA,3P%,2P,2PA,2P%,FT,FTA,FT%,ORB,DRB,TRB,AST,STL,BLK,TOV,PF,PTS,Champion,Division,MVP
17,Atlanta Hawks*,2023,82,242.1,41,41,0.5,44.6,92.4,0.483,10.8,30.5,0.352,33.9,61.8,0.548,18.5,22.6,0.818,11.2,33.2,44.4,25,7.1,4.9,12.9,18.8,118.4,,Southeast Division,
2,Boston Celtics*,2023,82,243.7,57,25,0.695121951,42.2,88.8,0.475,16,42.6,0.377,26.2,46.2,0.567,17.5,21.6,0.812,9.7,35.6,45.3,26.7,6.4,5.2,13.4,18.8,117.9,,Atlantic Division,
9,Brooklyn Nets*,2023,82,240.6,45,37,0.548780488,41.5,85.1,0.487,12.8,33.8,0.378,28.7,51.3,0.559,17.7,22.1,0.8,8.2,32.3,40.5,25.5,7.1,6.2,13.7,21.1,113.4,,Atlantic Division,
27,Charlotte Hornets,2023,82,241.8,27,55,0.329268293,41.3,90.4,0.457,10.7,32.5,0.33,30.5,57.9,0.528,17.6,23.6,0.749,11,33.5,44.5,25.1,7.7,5.2,14.2,20.3,111,,Southeast Division,
19,Chicago Bulls*,2023,82,242.7,40,42,0.487804878,42.5,86.8,0.49,10.4,28.9,0.361,32.1,57.9,0.555,17.6,21.8,0.809,8.5,33.9,42.4,24.5,7.9,4.5,13.4,18.9,113.1,,Central Division,
5,Cleveland Cavaliers*,2023,82,242.4,51,31,0.62195122,41.6,85.2,0.488,11.6,31.6,0.367,30,53.6,0.559,17.5,22.5,0.78,9.7,31.4,41.1,24.9,7.1,4.7,13.3,19,112.3,,Central Division,
21,Dallas Mavericks,2023,82,243,38,44,0.463414634,40,84.3,0.475,15.2,41,0.371,24.8,43.3,0.574,19,25.1,0.755,7.6,31.2,38.8,22.9,6.3,3.7,12.2,20.7,114.2,,Southwest Division,
4,Denver Nuggets*,2023,82,240.9,53,29,0.646341463,43.6,86.4,0.504,11.8,31.2,0.379,31.8,55.2,0.575,16.8,22.4,0.751,10.1,32.9,43,28.9,7.5,4.5,14.5,18.6,115.8,Yes,Northwest Division,
30,Detroit Pistons,2023,82,241.5,17,65,0.207317073,39.6,87.1,0.454,11.4,32.4,0.351,28.2,54.6,0.516,19.8,25.7,0.771,11.2,31.3,42.4,23,7,3.8,15.1,22.1,110.3,,Central Division,
11,Golden State Warriors*,2023,82,241.8,44,38,0.536585366,43.1,90.2,0.479,16.6,43.2,0.385,26.5,47,0.564,16,20.2,0.794,10.5,34.1,44.6,29.8,7.2,3.9,16.3,21.4,118.9,,Pacific Division,
28,Houston Rockets,2023,82,240.9,22,60,0.268292683,40.6,88.9,0.457,10.4,31.9,0.327,30.2,56.9,0.53,19.1,25.3,0.754,13.4,32.9,46.3,22.4,7.3,4.6,16.2,20.5,110.7,,Southwest Division,
23,Indiana Pacers,2023,82,240.9,35,47,0.426829268,42,89.6,0.469,13.6,37,0.367,28.4,52.6,0.54,18.7,23.7,0.79,10.1,31.4,41.5,27,7.7,5.8,14.9,21.2,116.3,,Central Division,
,League Average,2023,82,241.8,,,#DIV/0!,42,88.3,0.475,12.3,34.2,0.361,29.6,54.1,0.548,18.4,23.5,0.782,10.4,33,43.4,25.3,7.3,4.7,14.1,20,114.7,,,
12,Los Angeles Clippers*,2023,82,241.8,44,38,0.536585366,41.1,86.1,0.477,12.7,33.4,0.381,28.4,52.7,0.539,18.7,23.9,0.781,9.8,33.4,43.2,23.9,7.1,4.4,14.2,19.5,113.6,,Pacific Division,
14,Los Angeles Lakers*,2023,82,242.4,43,39,0.524390244,42.9,89,0.482,10.8,31.2,0.346,32.1,57.8,0.555,20.6,26.6,0.775,10,35.7,45.7,25.3,6.4,4.6,14.1,17.9,117.2,,Pacific Division,
6,Memphis Grizzlies*,2023,82,241.2,51,31,0.62195122,43.7,92.1,0.475,12,34.2,0.351,31.7,57.9,0.548,17.5,23.8,0.733,12,34.6,46.6,26,8.3,5.8,13.6,20,116.9,,Southwest Division,
13,Miami Heat*,2023,82,241.5,44,38,0.536585366,39.2,85.3,0.46,12,34.8,0.344,27.3,50.5,0.54,19.1,23,0.831,9.7,30.9,40.6,23.8,8,3,13.5,18.5,109.5,,Southeast Division,
1,Milwaukee Bucks*,2023,82,241.8,58,24,0.707317073,42.7,90.4,0.473,14.8,40.3,0.368,27.9,50.1,0.557,16.6,22.4,0.743,11.1,37.5,48.6,25.8,6.4,4.9,14.6,18.1,116.9,,Central Division,
15,Minnesota Timberwolves*,2023,82,241.8,42,40,0.512195122,42.9,87.4,0.49,12.2,33.3,0.365,30.7,54.1,0.568,17.9,23.7,0.755,9.1,32.8,41.9,26.2,8,5.4,15.3,21.6,115.8,,Northwest Division,
16,New Orleans Pelicans*,2023,82,242.1,42,40,0.512195122,42,87.6,0.48,11,30.1,0.364,31.1,57.5,0.541,19.3,24.4,0.793,10.6,33.1,43.7,25.9,8.3,4.1,14.6,20.5,114.4,,Southwest Division,
8,New York Knicks*,2023,82,243.4,47,35,0.573170732,42,89.4,0.47,12.6,35.7,0.354,29.4,53.6,0.547,19.4,25.5,0.761,12.6,34,46.6,22.9,6.4,4.1,13,20.3,116,,Atlantic Division,
20,Oklahoma City Thunder*,2023,82,242.1,40,42,0.487804878,43.1,92.6,0.465,12.1,34.1,0.356,31,58.5,0.53,19.2,23.7,0.809,11.4,32.3,43.6,24.4,8.2,4.2,13,21,117.5,,Northwest Division,
25,Orlando Magic,2023,82,241.2,34,48,0.414634146,40.5,86.3,0.47,10.8,31.1,0.346,29.8,55.2,0.539,19.6,25,0.784,10.2,33.1,43.2,23.2,7.4,4.7,15.1,20.1,111.4,,Southeast Division,
3,Philadelphia 76ers*,2023,82,242.4,54,28,0.658536585,40.8,83.8,0.487,12.6,32.6,0.387,28.2,51.2,0.551,21,25.1,0.835,8.7,32.2,40.9,25.2,7.7,4.7,13.7,20.4,115.2,,Atlantic Division,Yes
10,Phoenix Suns*,2023,82,241.2,45,37,0.548780488,42.1,90.1,0.467,12.2,32.6,0.374,29.9,57.5,0.52,17.2,21.7,0.793,11.8,32.4,44.2,27.3,7.1,5.3,13.5,21.2,113.6,,Pacific Division,
26,Portland Trail Blazers,2023,82,240.6,33,49,0.402439024,40.5,85.4,0.474,12.9,35.3,0.365,27.6,50.1,0.55,19.6,24.6,0.796,9.4,31.1,40.5,24.2,6.7,4.6,14.5,20,113.4,,Northwest Division,
7,Sacramento Kings*,2023,82,241.8,48,34,0.585365854,43.6,88.2,0.494,13.8,37.3,0.369,29.8,50.9,0.586,19.8,25.1,0.79,9.5,32.9,42.5,27.3,7,3.4,13.5,19.7,120.7,,Pacific Division,
29,San Antonio Spurs,2023,82,242.1,22,60,0.268292683,43.1,92.6,0.465,11.1,32.2,0.345,32,60.4,0.529,15.8,21.2,0.743,11.8,31.9,43.7,27.2,7,3.9,15.3,19.9,113,,Southwest Division,
18,Toronto Raptors*,2023,82,241.5,41,41,0.5,41.9,91.3,0.459,10.7,32,0.335,31.1,59.3,0.525,18.4,23.4,0.784,12.7,30.3,43,23.9,9.4,5.2,11.7,20,112.9,,Atlantic Division,
22,Utah Jazz,2023,82,241.5,37,45,0.451219512,42.5,89.8,0.473,13.3,37.8,0.353,29.2,52,0.56,18.7,23.8,0.786,11.8,34.1,45.9,26,6.1,5.2,15.4,20.5,117.1,,Northwest Division,
24,Washington Wizards,2023,82,240.9,35,47,0.426829268,42.1,86.9,0.485,11.3,31.7,0.356,30.9,55.2,0.559,17.6,22.4,0.785,9.4,34.2,43.6,25.4,6.8,5.2,14.1,18.8,113.2,,Southeast Division,
16,Atlanta Hawks*,2022,82,240.3,43,39,0.524390244,41.5,88.3,0.47,12.9,34.4,0.374,28.6,53.9,0.531,18.1,22.3,0.812,10,33.9,44,24.6,7.2,4.2,11.9,18.7,113.9,,Southeast Division,
6,Boston Celtics*,2022,82,242.7,51,31,0.62195122,40.7,87.4,0.466,13.2,37.1,0.356,27.5,50.3,0.547,17,20.9,0.816,10.5,35.5,46.1,24.8,7.2,5.8,13.6,18.5,111.8,,Atlantic Division,
14,Brooklyn Nets*,2022,82,240.9,44,38,0.536585366,42,88.4,0.475,11.5,31.7,0.361,30.5,56.7,0.538,17.5,21.7,0.805,10.3,34.1,44.4,25.3,7.1,5.5,14.1,20.4,112.9,,Atlantic Division,
17,Charlotte Hornets,2022,82,242.4,43,39,0.524390244,42.8,91.4,0.468,13.9,38.2,0.365,28.8,53.3,0.542,15.8,21.4,0.74,10.8,33.7,44.6,28.1,8.6,4.9,13.3,19.9,115.3,,Southeast Division,
12,Chicago Bulls*,2022,82,240.6,46,36,0.56097561,41.7,86.9,0.48,10.6,28.8,0.369,31.1,58.1,0.535,17.5,21.5,0.813,8.7,33.7,42.3,23.9,7.1,4.1,12.8,18.8,111.6,,Central Division,
15,Cleveland Cavaliers,2022,82,240.6,44,38,0.536585366,39.7,84.6,0.469,11.6,32.8,0.355,28.1,51.9,0.541,16.8,22.1,0.76,10.2,34,44.2,25.2,7.1,4.2,14.4,17.5,107.8,,Central Division,
5,Dallas Mavericks*,2022,82,240.9,52,30,0.634146341,39.3,85.1,0.461,13.1,37.4,0.35,26.2,47.8,0.548,16.4,21.2,0.771,9.3,33.8,43,23.4,6.7,4,12.5,19.7,108,,Southwest Division,
10,Denver Nuggets*,2022,82,241.5,48,34,0.585365854,41.7,86.3,0.483,12.7,35.9,0.353,29,50.4,0.575,16.7,21,0.795,9.2,34.9,44.1,27.8,7.2,3.7,14.5,20,112.7,,Northwest Division,Yes
28,Detroit Pistons,2022,82,241.2,23,59,0.280487805,38.2,88.6,0.431,11.3,34.6,0.326,26.9,54,0.498,17.2,22,0.782,11,32,43,23.5,7.7,4.8,14.2,21.9,104.8,,Central Division,
3,Golden State Warriors*,2022,82,240.6,53,29,0.646341463,40.5,86.4,0.469,14.3,39.4,0.364,26.2,47,0.557,15.6,20.3,0.769,9.8,35.7,45.5,27.1,8.8,4.5,14.9,21,111,Yes,Pacific Division,
30,Houston Rockets,2022,82,240.9,20,62,0.243902439,39.4,86.4,0.456,13.5,38.7,0.349,25.9,47.7,0.543,17.5,24.5,0.713,9.6,32.4,42,23.6,7.3,4.7,16.5,20.6,109.7,,Southwest Division,
26,Indiana Pacers,2022,82,242.4,25,57,0.304878049,41.4,89.5,0.463,12.2,35.4,0.344,29.3,54.1,0.541,16.4,21.4,0.768,11.3,32.6,43.9,25.4,7.1,5.6,14.4,20.4,111.5,,Central Division,
,League Average,2022,82,241.4,,,#DIV/0!,40.6,88.1,0.461,12.4,35.2,0.354,28.2,52.9,0.533,16.9,21.9,0.775,10.3,34.1,44.5,24.6,7.6,4.7,13.8,19.6,110.6,,,
18,Los Angeles Clippers,2022,82,241.2,42,40,0.512195122,40.1,87.4,0.458,12.8,34.2,0.374,27.3,53.3,0.512,15.5,19.6,0.793,9.1,34.9,44,24,7.4,5,13.7,18.6,108.4,,Pacific Division,
23,Los Angeles Lakers,2022,82,243.7,33,49,0.402439024,41.6,88.8,0.469,12,34.5,0.347,29.7,54.3,0.546,16.8,23,0.732,9.5,34.5,44,24,7.6,5.2,14.5,20.2,112.1,,Pacific Division,
2,Memphis Grizzlies*,2022,82,241.2,56,26,0.682926829,43.5,94.4,0.461,11.5,32.7,0.353,32,61.7,0.519,17,23.1,0.734,14.1,35,49.2,26,9.8,6.5,13.2,19.8,115.6,,Southwest Division,
4,Miami Heat*,2022,82,242.1,53,29,0.646341463,39.6,84.8,0.467,13.6,35.8,0.379,26,49,0.531,17.3,21.4,0.808,9.8,33.9,43.7,25.5,7.4,3.2,14.6,20.5,110,,Southeast Division,
7,Milwaukee Bucks*,2022,82,240.9,51,31,0.62195122,41.8,89.4,0.468,14.1,38.4,0.366,27.8,51,0.544,17.8,22.9,0.776,10.2,36.5,46.7,23.9,7.6,4,13.4,18.2,115.5,,Central Division,
13,Minnesota Timberwolves*,2022,82,241.2,46,36,0.56097561,41.6,91,0.457,14.8,41.3,0.358,26.8,49.7,0.54,18,23.1,0.778,11.2,32.9,44.2,25.7,8.8,5.6,14.3,21.8,115.9,,Northwest Division,
20,New Orleans Pelicans*,2022,82,240.9,36,46,0.43902439,40.2,88,0.457,10.6,32.1,0.332,29.5,55.9,0.528,18.3,23.2,0.789,12,33.2,45.2,25,8.3,4,14.1,19.7,109.3,,Southwest Division,
19,New York Knicks,2022,82,241.2,37,45,0.451219512,37.7,86.2,0.437,13.2,36.9,0.357,24.5,49.3,0.497,18,24.1,0.744,11.5,34.6,46.1,21.9,7,4.9,13.3,20.4,106.5,,Atlantic Division,
27,Oklahoma City Thunder,2022,82,241.5,24,58,0.292682927,38.3,89.1,0.43,12.1,37.4,0.323,26.2,51.8,0.507,15,19.9,0.756,10.4,35.2,45.6,22.2,7.6,4.6,14,18.3,103.7,,Northwest Division,
29,Orlando Magic,2022,82,241.2,22,60,0.268292683,38.3,88.3,0.434,12.2,36.9,0.331,26.1,51.4,0.507,15.5,19.7,0.787,9.1,35.2,44.3,23.7,6.8,4.5,14.5,19.7,104.2,,Southeast Division,
8,Philadelphia 76ers*,2022,82,241.5,51,31,0.62195122,39.4,84.5,0.466,11.6,31.8,0.364,27.8,52.7,0.527,19.6,23.8,0.821,8.5,33.8,42.3,23.7,7.7,5.3,12.5,19.4,109.9,,Atlantic Division,
1,Phoenix Suns*,2022,82,240.6,64,18,0.780487805,43.7,90.1,0.485,11.6,31.9,0.364,32.1,58.2,0.551,15.9,19.9,0.797,9.8,35.5,45.3,27.4,8.6,4.4,12.9,19.9,114.8,,Pacific Division,
25,Portland Trail Blazers,2022,82,240.6,27,55,0.329268293,38.5,87.1,0.442,12.7,36.8,0.346,25.8,50.3,0.513,16.4,21.6,0.76,10.4,32.5,42.9,22.9,8,4.5,14.5,21.1,106.2,,Northwest Division,
24,Sacramento Kings,2022,82,241.5,30,52,0.365853659,40.5,88.1,0.46,11.4,33.2,0.344,29.1,54.9,0.53,17.9,23.3,0.768,9.6,33.4,42.9,23.7,7.2,4.5,14.1,18.9,110.3,,Pacific Division,
22,San Antonio Spurs,2022,82,241.5,34,48,0.414634146,43.2,92.7,0.467,11.3,32,0.352,32,60.7,0.527,15.4,20.4,0.754,11,34.3,45.3,27.9,7.6,4.9,12.7,18.1,113.2,,Southwest Division,
11,Toronto Raptors*,2022,82,242.1,48,34,0.585365854,40.6,91.3,0.445,11.9,34.2,0.349,28.7,57.1,0.503,16.2,21.3,0.759,13.4,32,45.3,22.1,9,4.6,12.5,19.6,109.4,,Atlantic Division,
9,Utah Jazz*,2022,82,240.6,49,33,0.597560976,40.6,86.2,0.471,14.5,40.3,0.36,26,45.8,0.568,17.9,23.4,0.767,10.8,35.6,46.3,22.4,7.2,4.9,14,18.9,113.6,,Northwest Division,
21,Washington Wizards,2022,82,241.8,35,47,0.426829268,40.6,86,0.472,10.5,30.6,0.342,30.1,55.4,0.543,17,21.7,0.783,9,34.1,43.1,25,6.4,5,13.1,18.8,108.6,,Southeast Division,
11,Atlanta Hawks*,2021,72,241.7,41,31,0.569444444,40.8,87.2,0.468,12.4,33.4,0.373,28.4,53.9,0.526,19.7,24.2,0.812,10.6,35.1,45.6,24.1,7,4.8,13.2,19.3,113.7,,Southeast Division,
16,Boston Celtics*,2021,72,241.4,36,36,0.5,41.5,88.9,0.466,13.6,36.4,0.374,27.9,52.5,0.53,16.1,20.8,0.775,10.6,33.6,44.3,23.5,7.7,5.3,14.1,20.4,112.6,,Atlantic Division,
4,Brooklyn Nets*,2021,72,241.7,48,24,0.666666667,43.1,87.3,0.494,14.2,36.1,0.392,29,51.2,0.565,18.1,22.5,0.804,8.9,35.5,44.4,26.8,6.7,5.3,13.5,19,118.6,,Atlantic Division,
19,Charlotte Hornets,2021,72,241,33,39,0.458333333,39.9,87.8,0.455,13.7,37,0.369,26.3,50.8,0.517,15.9,20.9,0.761,10.6,33.2,43.8,26.8,7.8,4.8,14.8,18,109.5,,Southeast Division,
21,Chicago Bulls,2021,72,241.4,31,41,0.430555556,42.2,88.6,0.476,12.6,34,0.37,29.6,54.6,0.542,13.8,17.5,0.791,9.6,35.3,45,26.8,6.7,4.2,15.1,18.9,110.7,,Central Division,
26,Cleveland Cavaliers,2021,72,242.1,22,50,0.305555556,38.6,85.8,0.45,10,29.7,0.336,28.6,56,0.51,16.7,22.4,0.743,10.4,32.3,42.8,23.8,7.8,4.5,15.5,18.2,103.8,,Central Division,
8,Dallas Mavericks*,2021,72,240.3,42,30,0.583333333,41.1,87.3,0.47,13.8,38.1,0.362,27.3,49.2,0.554,16.5,21.2,0.778,9.1,34.2,43.3,22.9,6.3,4.3,12.1,19.4,112.4,,Southwest Division,
5,Denver Nuggets*,2021,72,242.8,47,25,0.652777778,43.3,89.2,0.485,12.9,34.2,0.377,30.4,55,0.552,15.7,19.5,0.803,10.5,33.9,44.4,26.8,8.1,4.5,13.5,19.1,115.1,,Northwest Division,Yes
29,Detroit Pistons,2021,72,242.1,20,52,0.277777778,38.7,85.6,0.452,11.6,32.9,0.351,27.1,52.7,0.515,17.8,23.4,0.759,9.6,33.1,42.7,24.2,7.4,5.2,14.9,20.5,106.6,,Central Division,
14,Golden State Warriors,2021,72,240.3,39,33,0.541666667,41.3,88.2,0.468,14.6,38.7,0.376,26.7,49.4,0.541,16.6,21.1,0.785,8,35.1,43,27.7,8.2,4.8,15,21.2,113.7,,Pacific Division,
30,Houston Rockets,2021,72,240.3,17,55,0.236111111,39.3,88.5,0.444,13.8,40.6,0.339,25.5,47.9,0.532,16.5,22.3,0.74,9.3,33.3,42.6,23.6,7.6,5,14.7,19.5,108.8,,Southwest Division,
18,Indiana Pacers,2021,72,242.4,34,38,0.472222222,43.3,91.2,0.474,12.3,34,0.364,30.9,57.3,0.54,16.4,20.7,0.792,9,33.7,42.7,27.4,8.5,6.4,13.5,20.2,115.3,,Central Division,
,League Average,2021,72,241.4,,,#DIV/0!,41.2,88.4,0.466,12.7,34.6,0.367,28.5,53.8,0.53,17,21.8,0.778,9.8,34.5,44.3,24.8,7.6,4.9,13.8,19.3,112.1,,,
6,Los Angeles Clippers*,2021,72,240,47,25,0.652777778,41.8,86.7,0.482,14.3,34.7,0.411,27.5,52,0.529,16.2,19.3,0.839,9.4,34.7,44.2,24.4,7.1,4.1,13.2,19.2,114,,Pacific Division,
9,Los Angeles Lakers*,2021,72,242.4,42,30,0.583333333,40.6,86.1,0.472,11.1,31.2,0.354,29.6,54.8,0.539,17.2,23.3,0.739,9.7,34.6,44.2,24.7,7.8,5.4,15.2,19.1,109.5,,Pacific Division,
15,Memphis Grizzlies*,2021,72,241.7,38,34,0.527777778,42.8,91.8,0.467,11.2,31.4,0.356,31.7,60.4,0.525,16.4,21.3,0.771,11.2,35.3,46.5,26.9,9.1,5.1,13.3,18.7,113.3,,Southwest Division,
13,Miami Heat*,2021,72,241.4,40,32,0.555555556,39.2,83.7,0.468,12.9,36.2,0.358,26.3,47.5,0.553,16.7,21.1,0.79,8,33.5,41.5,26.3,7.9,4,14.1,18.9,108.1,,Southeast Division,
7,Milwaukee Bucks*,2021,72,240.7,46,26,0.638888889,44.7,91.8,0.487,14.4,37.1,0.389,30.3,54.7,0.554,16.2,21.4,0.76,10.3,37.8,48.1,25.5,8.1,4.6,13.8,17.3,120.1,Yes,Central Division,
25,Minnesota Timberwolves,2021,72,241.7,23,49,0.319444444,40.7,90.9,0.448,13.1,37.6,0.349,27.6,53.3,0.518,17.6,23.1,0.761,10.5,33,43.5,25.6,8.8,5.5,14.3,20.9,112.1,,Northwest Division,
22,New Orleans Pelicans,2021,72,242.1,31,41,0.430555556,42.5,89.1,0.477,10.6,30.4,0.348,31.9,58.6,0.544,19,26.1,0.729,11.7,35.7,47.4,26,7.6,4.4,14.6,18,114.6,,Southwest Division,
12,New York Knicks*,2021,72,242.1,41,31,0.569444444,39.4,86.5,0.456,11.8,30,0.392,27.7,56.4,0.49,16.4,20.9,0.784,9.7,35.5,45.1,21.4,7,5.1,12.9,20.5,107,,Atlantic Division,
27,Oklahoma City Thunder,2021,72,241,22,50,0.305555556,38.8,88,0.441,11.9,35.1,0.339,26.9,52.9,0.509,15.5,21.3,0.725,9.9,35.7,45.6,22.1,7,4.4,16.1,18.1,105,,Northwest Division,
28,Orlando Magic,2021,72,240.7,21,51,0.291666667,38.3,89.2,0.429,10.9,31.8,0.343,27.4,57.4,0.476,16.6,21.4,0.775,10.4,35.1,45.4,21.8,6.9,4.4,12.8,17.2,104,,Southeast Division,
3,Philadelphia 76ers*,2021,72,242.1,49,23,0.680555556,41.4,86.9,0.476,11.3,30.1,0.374,30.1,56.8,0.531,19.6,25.5,0.767,10,35,45.1,23.7,9.1,6.2,14.4,20.2,113.6,,Atlantic Division,
2,Phoenix Suns*,2021,72,242.8,51,21,0.708333333,43.3,88.3,0.49,13.1,34.6,0.378,30.3,53.7,0.563,15.6,18.7,0.834,8.8,34.2,42.9,26.9,7.2,4.3,12.5,19.1,115.3,,Pacific Division,
10,Portland Trail Blazers*,2021,72,240.3,42,30,0.583333333,41.3,91.1,0.453,15.7,40.8,0.385,25.6,50.3,0.509,17.8,21.6,0.823,10.6,33.9,44.5,21.3,6.9,5,11.1,18.9,116.1,,Northwest Division,
23,Sacramento Kings,2021,72,240.3,31,41,0.430555556,42.6,88.6,0.481,12.1,33.3,0.364,30.5,55.3,0.551,16.4,22,0.745,9.4,32,41.4,25.5,7.5,5,13.4,19.4,113.7,,Pacific Division,
20,San Antonio Spurs,2021,72,242.8,33,39,0.458333333,41.9,90.5,0.462,9.9,28.4,0.35,31.9,62.1,0.514,17.4,22,0.792,9.3,34.6,43.9,24.4,7,5.1,11.4,18,111.1,,Southwest Division,
24,Toronto Raptors,2021,72,240.3,27,45,0.375,39.7,88.7,0.448,14.5,39.3,0.368,25.3,49.3,0.512,17.4,21.3,0.815,9.4,32.1,41.6,24.1,8.6,5.4,13.2,21.2,111.3,,Atlantic Division,
1,Utah Jazz*,2021,72,241,52,20,0.722222222,41.3,88.1,0.468,16.7,43,0.389,24.5,45.1,0.544,17.2,21.5,0.799,10.6,37.6,48.3,23.7,6.6,5.2,14.2,18.5,116.4,,Northwest Division,
17,Washington Wizards*,2021,72,241.7,34,38,0.472222222,43.2,90.9,0.475,10.2,29,0.351,33,61.9,0.533,20.1,26.2,0.769,9.7,35.5,45.2,25.5,7.3,4.1,14.4,21.6,116.6,,Southeast Division,
26,Atlanta Hawks,2020,67,243,20,47,0.298507463,40.6,90.6,0.449,12,36.1,0.333,28.6,54.5,0.525,18.5,23.4,0.79,9.9,33.4,43.3,24,7.8,5.1,16.2,23.1,111.8,,Southeast Division,
5,Boston Celtics*,2020,72,242.1,48,24,0.666666667,41.3,89.6,0.461,12.6,34.5,0.364,28.7,55,0.522,18.6,23.2,0.801,10.7,35.4,46.1,23,8.3,5.6,13.8,21.6,113.7,,Atlantic Division,
14,Brooklyn Nets*,2020,72,242.8,35,37,0.486111111,40.4,90.3,0.448,13.1,38.1,0.343,27.3,52.1,0.524,17.9,24.1,0.745,10.6,37.3,47.9,24.5,6.4,4.5,15.3,21,111.8,,Atlantic Division,
23,Charlotte Hornets,2020,65,242.3,23,42,0.353846154,37.3,85.9,0.434,12.1,34.3,0.352,25.2,51.6,0.489,16.2,21.6,0.748,11,31.8,42.8,23.8,6.6,4.1,14.6,18.8,102.9,,Southeast Division,
24,Chicago Bulls,2020,65,241.2,22,43,0.338461538,39.6,88.6,0.447,12.2,35.1,0.348,27.4,53.5,0.511,15.5,20.5,0.755,10.5,31.4,41.9,23.2,10,4.1,15.5,21.8,106.8,,Central Division,
28,Cleveland Cavaliers,2020,65,241.9,19,46,0.292307692,40.3,87.9,0.458,11.2,31.8,0.351,29.1,56.1,0.519,15.1,19.9,0.758,10.8,33.4,44.2,23.1,6.9,3.2,16.5,18.3,106.9,,Central Division,
12,Dallas Mavericks*,2020,75,242.3,43,32,0.573333333,41.7,90.3,0.461,15.1,41.3,0.367,26.5,49,0.541,18.6,23.8,0.779,10.5,36.4,46.9,24.7,6.1,4.8,12.7,19.5,117,,Southwest Division,
6,Denver Nuggets*,2020,73,243.1,46,27,0.630136986,42,88.9,0.473,11,30.6,0.359,31.1,58.3,0.533,16.2,20.9,0.777,10.8,33.4,44.1,26.7,8,4.6,13.8,20.3,111.3,,Northwest Division,
27,Detroit Pistons,2020,66,241.9,20,46,0.303030303,39.3,85.7,0.459,12,32.7,0.367,27.3,53,0.515,16.6,22.4,0.743,9.8,32,41.7,24.1,7.4,4.5,15.3,19.7,107.2,,Central Division,
30,Golden State Warriors,2020,65,241.9,15,50,0.230769231,38.6,88.2,0.438,10.4,31.3,0.334,28.2,56.9,0.495,18.7,23.2,0.803,10,32.9,42.8,25.6,8.2,4.6,14.9,20.1,106.3,,Pacific Division,
8,Houston Rockets*,2020,72,241.4,44,28,0.611111111,40.8,90.4,0.451,15.6,45.3,0.345,25.1,45.2,0.557,20.6,26.1,0.791,9.8,34.5,44.3,21.6,8.7,5.2,14.7,21.8,117.8,,Southwest Division,
7,Indiana Pacers*,2020,73,241.4,45,28,0.616438356,42.1,88.5,0.476,10.2,28,0.363,31.9,60.4,0.529,15,19.1,0.787,8.7,34.1,42.8,25.9,7.4,5.2,13.2,19.8,109.4,,Central Division,
,League Average,2020,71,241.8,,,#DIV/0!,40.9,88.8,0.46,12.2,34.1,0.358,28.7,54.7,0.524,17.9,23.1,0.773,10.1,34.8,44.8,24.4,7.6,4.9,14.5,20.8,111.8,,,
4,Los Angeles Clippers*,2020,72,241.4,49,23,0.680555556,41.6,89.2,0.466,12.4,33.5,0.371,29.1,55.8,0.522,20.8,26.3,0.791,10.7,37,47.7,23.7,7.1,4.7,14.6,22.1,116.3,,Pacific Division,
3,Los Angeles Lakers*,2020,71,240.7,52,19,0.732394366,42.3,88.3,0.48,11,31.6,0.349,31.3,56.7,0.552,17.7,24.3,0.729,10.7,35.1,45.7,25.4,8.6,6.6,15.2,20.7,113.4,Yes,Pacific Division,
16,Memphis Grizzlies,2020,73,240.7,34,39,0.465753425,42.5,90.9,0.468,10.9,31.5,0.347,31.6,59.4,0.532,16.6,21.8,0.763,10.3,36.2,46.5,26.9,7.9,5.5,15.2,21.2,112.6,,Southwest Division,
9,Miami Heat*,2020,73,243.1,44,29,0.602739726,39.5,84.4,0.468,13.4,35.4,0.379,26,49,0.532,19.7,25.2,0.783,8.5,35.9,44.4,25.9,7.5,4.5,14.9,20.6,112,,Southeast Division,
1,Milwaukee Bucks*,2020,73,241,56,17,0.767123288,43.3,90.9,0.476,13.8,38.9,0.355,29.5,52,0.567,18.3,24.7,0.742,9.5,42.2,51.7,25.9,7.2,5.9,15.1,19.6,118.7,,Central Division,Yes
29,Minnesota Timberwolves,2020,64,243.1,19,45,0.296875,40.4,91.6,0.441,13.3,39.7,0.336,27.1,52,0.521,19.1,25.4,0.753,10.5,34.3,44.8,23.8,8.7,5.7,15.3,21.4,113.3,,Northwest Division,
21,New Orleans Pelicans,2020,72,242.1,30,42,0.416666667,42.6,91.6,0.465,13.6,36.9,0.37,28.9,54.8,0.528,17.1,23.4,0.729,11.1,35.4,46.5,26.8,7.5,5,16.4,21.2,115.8,,Southwest Division,
25,New York Knicks,2020,66,241.9,21,45,0.318181818,40,89.3,0.447,9.6,28.4,0.337,30.4,61,0.499,16.3,23.5,0.694,12,34.5,46.5,22.1,7.6,4.7,14.3,22.2,105.8,,Atlantic Division,
10,Oklahoma City Thunder*,2020,72,242.1,44,28,0.611111111,40,85.5,0.468,10.7,30.2,0.355,29.3,55.3,0.529,19.8,24.8,0.796,8.2,34.7,42.9,21.7,7.6,4.9,13.7,19.3,110.4,,Northwest Division,
18,Orlando Magic*,2020,73,240.7,33,40,0.452054795,39.3,88.6,0.444,11.1,32.2,0.343,28.3,56.4,0.502,17.6,22.7,0.774,10.3,34.2,44.5,23.9,8.2,5.4,12.8,18.3,107.3,,Southeast Division,
13,Philadelphia 76ers*,2020,73,241,43,30,0.589041096,41.1,87.9,0.468,11.6,31.6,0.368,29.5,56.3,0.524,16.9,22.4,0.755,10.5,35,45.4,25.8,8,5.3,14.2,20.9,110.7,,Atlantic Division,
17,Phoenix Suns,2020,73,241,34,39,0.465753425,41.2,88.1,0.468,11.4,31.8,0.358,29.8,56.3,0.529,19.9,23.8,0.834,9.8,33.8,43.5,27.2,7.7,4,14.8,22,113.6,,Pacific Division,
15,Portland Trail Blazers*,2020,74,241,35,39,0.472972973,42.2,91.2,0.463,12.9,34.1,0.377,29.3,57.1,0.514,17.7,22.1,0.804,10.2,35.1,45.3,20.6,6.3,6.1,12.8,21.7,115,,Northwest Division,
20,Sacramento Kings,2020,72,242.4,31,41,0.430555556,40.9,88.4,0.462,12.7,34.9,0.364,28.2,53.5,0.527,15.7,20.3,0.77,9.7,32.9,42.6,23.8,7.7,4.1,14.5,22.2,110.1,,Pacific Division,
19,San Antonio Spurs,2020,71,242.5,32,39,0.450704225,42.2,89.4,0.472,10.7,28.5,0.376,31.5,61,0.516,19,23.4,0.81,9,35.6,44.6,24.7,7.3,5.5,12.6,19.4,114.1,,Southwest Division,
2,Toronto Raptors*,2020,72,241.4,53,19,0.736111111,40.2,87.9,0.458,13.8,37,0.374,26.4,50.9,0.519,18.5,23.2,0.796,9.5,35.9,45.4,25.2,8.8,5,14.8,21.7,112.8,,Atlantic Division,
11,Utah Jazz*,2020,72,241,44,28,0.611111111,40.1,85.1,0.471,13.4,35.2,0.38,26.7,49.9,0.535,17.8,22.8,0.779,9.1,35.8,44.9,22.4,6.1,4.1,15.1,20.4,111.3,,Northwest Division,
22,Washington Wizards,2020,72,241,25,47,0.347222222,41.5,90.9,0.457,12,32.6,0.368,29.5,58.3,0.506,19.4,24.6,0.788,10.2,31.9,42,25,8,4.3,14.2,22.7,114.4,,Southeast Division,
26,Atlanta Hawks,2019,82,242.1,29,53,0.353658537,41.4,91.8,0.451,13,37,0.352,28.4,54.8,0.518,17.6,23.4,0.752,11.6,34.5,46.1,25.8,8.2,5.1,17,23.6,113.3,,Southeast Division,
9,Boston Celtics*,2019,82,241.2,49,33,0.597560976,42.1,90.5,0.465,12.6,34.5,0.365,29.5,56,0.527,15.6,19.5,0.802,9.8,34.7,44.5,26.3,8.6,5.3,12.8,20.4,112.4,,Atlantic Division,
14,Brooklyn Nets*,2019,82,243.7,42,40,0.512195122,40.3,89.7,0.449,12.8,36.2,0.353,27.5,53.6,0.513,19,25.5,0.745,11,35.6,46.6,23.8,6.6,4.1,15.1,21.5,112.2,,Atlantic Division,
17,Charlotte Hornets,2019,82,241.8,39,43,0.475609756,40.2,89.8,0.448,11.9,33.9,0.351,28.3,55.8,0.507,18.4,23.1,0.797,9.9,33.9,43.8,23.2,7.2,4.9,12.2,18.9,110.7,,Southeast Division,
27,Chicago Bulls,2019,82,242.7,22,60,0.268292683,39.8,87.9,0.453,9.1,25.9,0.351,30.7,62,0.496,16.2,20.7,0.783,8.8,34.1,42.9,21.9,7.4,4.3,14.1,20.3,104.9,,Central Division,
28,Cleveland Cavaliers,2019,82,240.9,19,63,0.231707317,38.9,87.6,0.444,10.3,29.1,0.355,28.6,58.5,0.488,16.4,20.7,0.792,10.7,31.9,42.7,20.7,6.5,2.4,13.5,20,104.5,,Central Division,
22,Dallas Mavericks,2019,82,241.2,33,49,0.402439024,38.8,86.9,0.447,12.5,36.6,0.34,26.3,50.2,0.524,18.8,25.3,0.742,10.1,35.2,45.3,23.4,6.5,4.3,14.2,20.1,108.9,,Southwest Division,
4,Denver Nuggets*,2019,82,240.6,54,28,0.658536585,41.9,90,0.466,11,31.4,0.351,30.9,58.7,0.527,15.8,20.9,0.755,11.9,34.5,46.4,27.4,7.7,4.4,13.4,20,110.7,,Northwest Division,
16,Detroit Pistons*,2019,82,242.1,41,41,0.5,38.8,88.3,0.44,12.1,34.8,0.348,26.7,53.5,0.5,17.3,23.1,0.747,11.4,33.6,45,22.5,6.9,4,13.8,22.1,107,,Central Division,
3,Golden State Warriors*,2019,82,241.5,57,25,0.695121951,44,89.8,0.491,13.3,34.4,0.385,30.8,55.3,0.557,16.3,20.4,0.801,9.7,36.5,46.2,29.4,7.6,6.4,14.3,21.4,117.7,,Pacific Division,
5,Houston Rockets*,2019,82,241.8,53,29,0.646341463,39.2,87.4,0.449,16.1,45.4,0.356,23.1,42,0.551,19.3,24.4,0.791,10.2,31.9,42.1,21.2,8.5,4.9,13.3,22,113.9,,Southwest Division,
11,Indiana Pacers*,2019,82,240.3,48,34,0.585365854,41.3,87,0.475,9.5,25.4,0.374,31.8,61.6,0.517,15.8,21.1,0.752,9.3,33.7,43,26,8.7,4.9,13.7,19.4,108,,Central Division,
,League Average,2019,82,241.6,,,#DIV/0!,41.1,89.2,0.461,11.4,32,0.355,29.7,57.2,0.52,17.7,23.1,0.766,10.3,34.8,45.2,24.6,7.6,5,14.1,20.9,111.2,,,
12,Los Angeles Clippers*,2019,82,241.8,48,34,0.585365854,41.3,87.5,0.471,10,25.8,0.388,31.3,61.7,0.507,22.6,28.5,0.792,9.7,35.8,45.5,24,6.8,4.7,14.5,23.3,115.1,,Pacific Division,
20,Los Angeles Lakers,2019,82,241.2,37,45,0.451219512,42.6,90.5,0.47,10.3,31,0.333,32.2,59.6,0.541,16.3,23.3,0.699,10.2,36.4,46.6,25.6,7.5,5.4,15.7,20.7,111.8,,Pacific Division,
23,Memphis Grizzlies,2019,82,242.4,33,49,0.402439024,38,84.4,0.45,9.9,28.9,0.342,28.1,55.6,0.505,17.7,23,0.772,8.8,33,41.8,23.9,8.3,5.5,14,22,103.5,,Southwest Division,
18,Miami Heat,2019,82,240.6,39,43,0.475609756,39.6,88,0.45,11.3,32.4,0.349,28.3,55.6,0.509,15.1,21.7,0.695,11.2,35.1,46.3,24.3,7.6,5.5,14.7,20.9,105.7,,Southeast Division,
1,Milwaukee Bucks*,2019,82,241.2,60,22,0.731707317,43.4,91.1,0.476,13.5,38.2,0.353,29.9,52.9,0.565,17.9,23.2,0.773,9.3,40.4,49.7,26,7.5,5.9,13.9,19.6,118.1,,Central Division,Yes
21,Minnesota Timberwolves,2019,82,241.8,36,46,0.43902439,41.6,91.3,0.456,10.1,28.7,0.351,31.5,62.5,0.504,19.1,24.3,0.787,11.3,33.5,44.8,24.6,8.3,5,13.1,20.3,112.5,,Northwest Division,
24,New Orleans Pelicans,2019,82,240.9,33,49,0.402439024,43.7,92.2,0.473,10.3,29.9,0.344,33.4,62.4,0.536,17.8,23.4,0.761,11.1,36.2,47.3,27,7.4,5.4,14.8,21.1,115.4,,Southwest Division,
30,New York Knicks,2019,82,241.2,17,65,0.207317073,38.2,88.3,0.433,10,29.5,0.34,28.2,58.8,0.479,18.1,23.9,0.759,10.5,34.3,44.7,20.1,6.8,5.1,14,20.9,104.6,,Atlantic Division,
10,Oklahoma City Thunder*,2019,82,242.1,49,33,0.597560976,42.6,94,0.454,11.4,32.6,0.348,31.3,61.3,0.51,17.8,25,0.713,12.6,35.5,48.1,23.4,9.3,5.2,14,22.4,114.5,,Northwest Division,
15,Orlando Magic*,2019,82,241.2,42,40,0.512195122,40.4,89.1,0.454,11.4,32.1,0.356,29,57,0.509,15,19.2,0.782,10,35.4,45.4,25.5,6.6,5.4,13.2,18.6,107.3,,Southeast Division,
7,Philadelphia 76ers*,2019,82,241.5,51,31,0.62195122,41.5,88.2,0.471,10.8,30.2,0.359,30.7,58,0.529,21.2,27.5,0.771,10.9,36.9,47.8,26.9,7.4,5.3,14.9,21.3,115.2,,Atlantic Division,
29,Phoenix Suns,2019,82,242.4,19,63,0.231707317,40.1,87.4,0.459,9.6,29.3,0.329,30.5,58.1,0.525,17.6,22.7,0.779,9.1,31.3,40.4,23.9,9,5.1,15.6,23.6,107.5,,Pacific Division,
6,Portland Trail Blazers*,2019,82,242.1,53,29,0.646341463,42.3,90.6,0.467,11,30.7,0.359,31.3,59.8,0.523,19,23.3,0.814,11.8,36.2,48,23,6.7,5,13.8,20.4,114.7,,Northwest Division,
19,Sacramento Kings,2019,82,240.6,39,43,0.475609756,43.2,93.1,0.464,11.3,29.9,0.378,31.9,63.2,0.504,16.5,22.7,0.726,11,34.4,45.4,25.4,8.3,4.4,13.4,21.4,114.2,,Pacific Division,
13,San Antonio Spurs*,2019,82,241.5,48,34,0.585365854,42.3,88.4,0.478,9.9,25.3,0.392,32.4,63.1,0.513,17.2,21,0.819,9.2,35.5,44.7,24.5,6.1,4.7,12.1,18.1,111.7,,Southwest Division,
2,Toronto Raptors*,2019,82,242.4,58,24,0.707317073,42.2,89.1,0.474,12.4,33.8,0.366,29.8,55.3,0.539,17.7,22,0.804,9.6,35.6,45.2,25.4,8.3,5.3,14,21,114.4,Yes,Atlantic Division,
8,Utah Jazz*,2019,82,240.9,50,32,0.609756098,40.4,86.4,0.468,12.1,34,0.356,28.3,52.4,0.541,18.8,25.5,0.736,10,36.4,46.4,26,8.1,5.9,15.1,21.1,111.7,,Northwest Division,
25,Washington Wizards,2019,82,243,32,50,0.390243902,42.1,90.1,0.468,11.3,33.3,0.341,30.8,56.8,0.543,18.4,23.9,0.768,9.7,32.7,42.4,26.3,8.3,4.6,14.1,20.7,114,,Southeast Division,
27,Atlanta Hawks,2018,82,240.3,24,58,0.292682927,38.2,85.5,0.446,11.2,31,0.36,27,54.5,0.495,15.8,20.2,0.785,9.1,32.8,41.9,23.7,7.8,4.2,15.6,19.6,103.4,,Southeast Division,
4,Boston Celtics*,2018,82,241.5,55,27,0.670731707,38.3,85.1,0.45,11.5,30.4,0.377,26.9,54.7,0.491,16,20.7,0.771,9.4,35.1,44.5,22.5,7.4,4.5,14,19.7,104,,Atlantic Division,
23,Brooklyn Nets,2018,82,242.1,28,54,0.341463415,38.2,86.8,0.441,12.7,35.7,0.356,25.5,51.1,0.5,17.4,22.6,0.772,9.7,34.8,44.4,23.7,6.2,4.8,15.2,20.6,106.6,,Atlantic Division,
20,Charlotte Hornets,2018,82,241.2,36,46,0.43902439,39,86.7,0.45,10,27.2,0.369,28.9,59.4,0.487,20.2,27,0.747,10.1,35.4,45.5,21.6,6.8,4.5,12.7,17.2,108.2,,Southeast Division,
24,Chicago Bulls,2018,82,242.1,27,55,0.329268293,38.7,88.8,0.435,11,31.1,0.355,27.6,57.8,0.478,14.6,19.2,0.759,9.6,35,44.7,23.5,7.6,3.5,14,19.2,102.9,,Central Division,
6,Cleveland Cavaliers*,2018,82,240.6,50,32,0.609756098,40.4,84.8,0.476,12,32.1,0.372,28.4,52.6,0.54,18.1,23.3,0.779,8.5,33.7,42.1,23.4,7.1,3.8,13.7,18.6,110.9,,Central Division,
28,Dallas Mavericks,2018,82,241.5,24,58,0.292682927,38.1,85.9,0.444,11.8,32.8,0.36,26.4,53.1,0.496,14.2,18.7,0.763,8.1,33.1,41.3,22.7,7,3.8,12.3,19.2,102.3,,Southwest Division,
14,Denver Nuggets,2018,82,242.4,46,36,0.56097561,40.7,86.6,0.47,11.5,30.9,0.371,29.2,55.7,0.525,17.1,22.3,0.767,11,33.5,44.5,25.1,7.6,4.9,15,18.7,110,,Northwest Division,
19,Detroit Pistons,2018,82,241.5,39,43,0.475609756,39.1,86.9,0.45,10.8,28.9,0.373,28.3,58,0.488,14.7,19.8,0.745,10.1,33.6,43.7,22.8,7.7,3.9,13.5,18.4,103.8,,Central Division,
3,Golden State Warriors*,2018,82,240.6,58,24,0.707317073,42.8,85.1,0.503,11.3,28.9,0.391,31.5,56.2,0.56,16.6,20.3,0.815,8.4,35.1,43.5,29.3,8,7.5,15.5,19.6,113.5,Yes,Pacific Division,
1,Houston Rockets*,2018,82,240.9,65,17,0.792682927,38.7,84.2,0.46,15.3,42.3,0.362,23.4,41.9,0.558,19.6,25.1,0.781,9,34.5,43.5,21.5,8.5,4.8,13.8,19.5,112.4,,Southwest Division,Yes
8,Indiana Pacers*,2018,82,240.9,48,34,0.585365854,40.8,86.4,0.472,9,24.5,0.369,31.8,61.9,0.513,14.9,19.2,0.779,9.6,32.7,42.3,22.2,8.8,4.1,13.3,18.8,105.6,,Central Division,
,League Average,2018,82,241.4,,,#DIV/0!,39.6,86.1,0.46,10.5,29,0.362,29.1,57.1,0.51,16.6,21.7,0.767,9.7,33.8,43.5,23.2,7.7,4.8,14.3,19.9,106.3,,,
18,Los Angeles Clippers,2018,82,240.3,42,40,0.512195122,40.3,85.4,0.471,9.5,26.8,0.354,30.8,58.6,0.525,19,25.5,0.743,10.1,33.7,43.9,22.3,7.7,4.5,14.7,20,109,,Pacific Division,
21,Los Angeles Lakers,2018,82,242.7,35,47,0.426829268,40.7,88.4,0.461,10,29.1,0.345,30.7,59.3,0.517,16.6,23.3,0.714,10.7,35.7,46.4,23.8,7.7,4.7,15.8,21.2,108.1,,Pacific Division,
29,Memphis Grizzlies,2018,82,240.3,22,60,0.268292683,36.7,82.8,0.444,9.2,26.2,0.352,27.5,56.5,0.486,16.6,21.1,0.786,9.5,31,40.5,21.5,7.5,4.8,15,23.2,99.3,,Southwest Division,
15,Miami Heat*,2018,82,243,44,38,0.536585366,38.8,85.3,0.455,11,30.6,0.36,27.8,54.8,0.508,14.7,19.5,0.755,9.3,34.2,43.5,22.7,7.6,5.3,14.4,20.1,103.4,,Southeast Division,
16,Milwaukee Bucks*,2018,82,241.8,44,38,0.536585366,39.7,83,0.478,8.8,24.7,0.355,31,58.3,0.531,18.3,23.4,0.783,8.4,31.5,39.8,23.2,8.8,5.4,13.8,21.4,106.5,,Central Division,
12,Minnesota Timberwolves*,2018,82,241.5,47,35,0.573170732,41,86.1,0.476,8,22.5,0.357,33,63.6,0.519,19.4,24.1,0.804,10.3,31.6,42,22.7,8.4,4.2,12.5,18.2,109.5,,Northwest Division,
9,New Orleans Pelicans*,2018,82,243.4,48,34,0.585365854,42.7,88.3,0.483,10.2,28.2,0.362,32.5,60.1,0.54,16.1,20.9,0.772,8.7,35.7,44.3,26.8,8,5.9,14.9,19.1,111.7,,Southwest Division,
22,New York Knicks,2018,82,241.8,29,53,0.353658537,40.7,87.7,0.464,8.2,23.3,0.352,32.5,64.4,0.504,14.9,19,0.787,10.5,33.6,44,23.3,6.7,5.1,14.7,20.5,104.5,,Atlantic Division,
10,Oklahoma City Thunder*,2018,82,241.8,48,34,0.585365854,39.9,88.1,0.453,10.7,30.4,0.354,29.1,57.7,0.505,17.3,24.2,0.716,12.5,32.6,45.1,21.3,9.1,5,14,20.2,107.9,,Northwest Division,
26,Orlando Magic,2018,82,240.6,25,57,0.304878049,38.8,85.9,0.452,10.3,29.3,0.351,28.5,56.5,0.504,15.5,20.5,0.757,8.8,32.8,41.6,23.4,7.6,4.9,14.5,19.3,103.4,,Southeast Division,
5,Philadelphia 76ers*,2018,82,241.2,52,30,0.634146341,40.8,86.6,0.472,11,29.8,0.369,29.9,56.7,0.526,17.1,22.8,0.752,10.9,36.5,47.4,27.1,8.3,5.1,16.5,22.1,109.8,,Atlantic Division,
30,Phoenix Suns,2018,82,240.3,21,61,0.256097561,38.5,87.1,0.442,9.3,27.9,0.334,29.1,59.2,0.492,17.7,23.9,0.741,10.3,33.9,44.1,21.3,6.9,4.5,15.7,22,103.9,,Pacific Division,
7,Portland Trail Blazers*,2018,82,240.9,49,33,0.597560976,39.3,87,0.452,10.3,28.1,0.366,29,58.8,0.493,16.7,20.9,0.8,10.2,35.3,45.5,19.5,7,5.2,13.5,19.5,105.6,,Northwest Division,
25,Sacramento Kings,2018,82,240.9,27,55,0.329268293,38.8,86.1,0.45,9,24,0.375,29.8,62.1,0.479,12.3,16.7,0.735,9.5,31.4,40.9,21.6,7.8,4.1,13.7,20,98.8,,Pacific Division,
13,San Antonio Spurs*,2018,82,240.6,47,35,0.573170732,39,85.4,0.457,8.5,24.1,0.352,30.6,61.2,0.499,16.1,20.9,0.772,10.4,33.9,44.2,22.8,7.7,5.6,13.1,17.2,102.7,,Southwest Division,
2,Toronto Raptors*,2018,82,241.8,59,23,0.719512195,41.3,87.4,0.472,11.8,33,0.358,29.5,54.4,0.541,17.3,21.8,0.794,9.8,34.2,44,24.3,7.6,6.1,13.4,21.7,111.7,,Atlantic Division,
11,Utah Jazz*,2018,82,240.9,48,34,0.585365854,38.3,82.9,0.462,10.8,29.6,0.366,27.5,53.3,0.515,16.8,21.5,0.779,9,34.2,43.3,22.4,8.6,5.1,14.7,19.6,104.1,,Northwest Division,
17,Washington Wizards*,2018,82,242.1,43,39,0.524390244,39.9,85.6,0.467,9.9,26.5,0.375,30,59.1,0.508,16.8,21.8,0.772,10,33.1,43.1,25.2,7.9,4.3,14.6,21.3,106.6,,Southeast Division,
11,Atlanta Hawks*,2017,82,242.4,43,39,0.524390244,38.1,84.4,0.451,8.9,26.1,0.341,29.2,58.3,0.501,18.1,24.9,0.728,10.3,34.1,44.3,23.6,8.2,4.8,15.8,18.2,103.2,,Southeast Division,
4,Boston Celtics*,2017,82,240.9,53,29,0.646341463,38.6,85.1,0.454,12,33.4,0.359,26.6,51.7,0.515,18.7,23.2,0.807,9.1,32.9,42,25.2,7.5,4.1,13.3,20.6,108,,Atlantic Division,
30,Brooklyn Nets,2017,82,240.9,20,62,0.243902439,37.8,85.2,0.444,10.7,31.6,0.338,27.1,53.6,0.506,19.4,24.6,0.788,8.8,35.1,43.9,21.4,7.2,4.7,16.5,21,105.8,,Atlantic Division,
20,Charlotte Hornets,2017,82,241.8,36,46,0.43902439,37.7,85.4,0.442,10,28.6,0.351,27.7,56.7,0.488,19.4,23.8,0.815,8.8,34.8,43.6,23.1,7,4.8,11.5,16.6,104.9,,Southeast Division,
15,Chicago Bulls*,2017,82,241.2,41,41,0.5,38.6,87.1,0.444,7.6,22.3,0.34,31,64.8,0.479,18,22.5,0.798,12.2,34.1,46.3,22.6,7.8,4.8,13.6,17.7,102.9,,Central Division,
5,Cleveland Cavaliers*,2017,82,242.4,51,31,0.62195122,39.9,84.9,0.47,13,33.9,0.384,26.9,51,0.528,17.5,23.3,0.748,9.3,34.4,43.7,22.7,6.6,4,13.7,18.1,110.3,,Central Division,
22,Dallas Mavericks,2017,82,241.2,33,49,0.402439024,36.2,82.3,0.44,10.7,30.2,0.355,25.5,52.2,0.489,14.8,18.5,0.801,7.9,30.7,38.6,20.8,7.5,3.7,11.9,19.1,97.9,,Southwest Division,
18,Denver Nuggets,2017,82,240.9,40,42,0.487804878,41.2,87.7,0.469,10.6,28.8,0.368,30.6,58.9,0.519,18.7,24.2,0.774,11.8,34.6,46.4,25.3,6.9,3.9,15,19.1,111.7,,Northwest Division,
19,Detroit Pistons,2017,82,241.5,37,45,0.451219512,39.9,88.8,0.449,7.7,23.4,0.33,32.2,65.5,0.492,13.9,19.3,0.719,11.1,34.6,45.7,21.1,7,3.8,11.9,17.9,101.3,,Central Division,
1,Golden State Warriors*,2017,82,241.2,67,15,0.817073171,43.1,87.1,0.495,12,31.2,0.383,31.1,55.8,0.557,17.8,22.6,0.788,9.4,35,44.4,30.4,9.6,6.8,14.8,19.3,115.9,Yes,Pacific Division,
3,Houston Rockets*,2017,82,241.2,55,27,0.670731707,40.3,87.2,0.462,14.4,40.3,0.357,25.9,46.9,0.552,20.3,26.5,0.766,10.9,33.5,44.4,25.2,8.2,4.3,15.1,19.9,115.3,,Southwest Division,
13,Indiana Pacers*,2017,82,242.1,42,40,0.512195122,39.3,84.5,0.465,8.6,23,0.376,30.6,61.5,0.498,17.9,22.1,0.81,9,33,42,22.5,8.2,5,13.8,19.5,105.1,,Central Division,
,League Average,2017,82,241.6,,,#DIV/0!,39,85.4,0.457,9.7,27,0.358,29.4,58.4,0.503,17.8,23.1,0.772,10.1,33.4,43.5,22.6,7.7,4.7,14,19.9,105,,,
6,Los Angeles Clippers*,2017,82,240.9,51,31,0.62195122,39.5,83.2,0.475,10.3,27.4,0.375,29.3,55.8,0.525,19.3,26,0.745,9,34,43,22.5,7.5,4.2,13,19.8,108.7,,Pacific Division,
28,Los Angeles Lakers,2017,82,240.3,26,56,0.317073171,39.3,87.4,0.45,8.9,25.7,0.346,30.4,61.6,0.493,17,22.6,0.754,11.4,32.1,43.5,20.9,8.2,3.9,15.2,20.7,104.6,,Pacific Division,
12,Memphis Grizzlies*,2017,82,242.7,43,39,0.524390244,36.4,83.6,0.435,9.4,26.5,0.354,27,57.1,0.473,18.3,23.4,0.784,10.8,32,42.8,21.3,8,4.2,12.9,22.4,100.5,,Southwest Division,
17,Miami Heat,2017,82,241.2,41,41,0.5,39,85.8,0.455,9.9,27,0.365,29.2,58.8,0.496,15.2,21.6,0.706,10.6,33,43.6,21.2,7.2,5.7,13.4,20.5,103.2,,Southeast Division,
14,Milwaukee Bucks*,2017,82,241.2,42,40,0.512195122,38.8,81.9,0.474,8.8,23.7,0.37,30,58.2,0.516,17.2,22.4,0.768,8.8,31.6,40.4,24.2,8.1,5.3,14,20.2,103.6,,Central Division,
24,Minnesota Timberwolves,2017,82,241.5,31,51,0.37804878,39.5,84.4,0.467,7.3,21,0.349,32.1,63.4,0.507,19.3,24.2,0.799,11.4,31,42.4,23.7,8,4.5,14,20.1,105.6,,Northwest Division,
21,New Orleans Pelicans,2017,82,242.7,34,48,0.414634146,39.1,87,0.45,9.4,26.8,0.35,29.8,60.2,0.495,16.7,22.3,0.75,8.6,35.1,43.7,22.8,7.8,5.5,12.9,18.2,104.3,,Southwest Division,
25,New York Knicks,2017,82,242.1,31,51,0.37804878,39.6,88.5,0.447,8.6,24.7,0.348,31,63.8,0.485,16.6,21.1,0.788,12,33.2,45.2,21.8,7.1,5.5,13.9,20.3,104.3,,Atlantic Division,
10,Oklahoma City Thunder*,2017,82,241.5,47,35,0.573170732,39.5,87.4,0.452,8.4,25.8,0.327,31,61.6,0.504,19.2,25.8,0.745,12.2,34.4,46.6,21,7.9,5,15,20.9,106.6,,Northwest Division,Yes
26,Orlando Magic,2017,82,241.5,29,53,0.353658537,38.3,87,0.44,8.5,26.1,0.328,29.7,60.9,0.488,16,21.4,0.747,9.8,33.3,43.2,22.2,7.1,4.8,13.3,19.3,101.1,,Southeast Division,
27,Philadelphia 76ers,2017,82,241.8,28,54,0.341463415,37.7,85.3,0.442,10.1,29.8,0.34,27.5,55.5,0.496,17,22,0.771,9.8,33,42.8,23.8,8.4,5.1,16.7,21.9,102.4,,Atlantic Division,
29,Phoenix Suns,2017,82,241.8,24,58,0.292682927,39.9,88.5,0.45,7.5,22.6,0.332,32.4,65.9,0.491,20.4,26.3,0.776,11.9,33.1,45,19.6,8.2,4.9,15.4,24.8,107.7,,Pacific Division,
16,Portland Trail Blazers*,2017,82,243,41,41,0.5,39.5,86.1,0.459,10.4,27.7,0.375,29.2,58.4,0.499,18.5,23.7,0.78,10.1,33.5,43.7,21.1,7,5,13.7,21.2,107.9,,Northwest Division,
23,Sacramento Kings,2017,82,242.4,32,50,0.390243902,37.9,82.1,0.461,9,23.9,0.376,28.9,58.2,0.496,18.1,23.3,0.775,8.7,32.3,41.1,22.5,7.6,4,14.6,20.3,102.8,,Pacific Division,
2,San Antonio Spurs*,2017,82,241.5,61,21,0.743902439,39.3,83.7,0.469,9.2,23.5,0.391,30.1,60.2,0.5,17.6,22,0.797,10,33.9,43.9,23.8,8,5.9,13.4,18.3,105.3,,Southwest Division,
7,Toronto Raptors*,2017,82,241.2,51,31,0.62195122,39.2,84.4,0.464,8.8,24.3,0.363,30.3,60,0.505,19.7,24.7,0.796,10.6,32.6,43.3,18.5,8.3,4.9,12.7,20.8,106.9,,Atlantic Division,
8,Utah Jazz*,2017,82,240.9,51,31,0.62195122,37,79.5,0.466,9.6,26,0.372,27.3,53.5,0.511,17.1,22.9,0.747,9.4,33.8,43.2,20.1,6.7,5,13.6,18.8,100.7,,Northwest Division,
9,Washington Wizards*,2017,82,242.1,49,33,0.597560976,41.3,87,0.475,9.2,24.8,0.372,32.1,62.3,0.515,17.3,22.1,0.784,10.3,32.6,42.9,23.9,8.5,4.1,14.2,21.3,109.2,,Southeast Division,
7,Atlanta Hawks*,2016,82,241.8,48,34,0.585365854,38.6,84.4,0.458,9.9,28.4,0.35,28.7,56.1,0.512,15.6,20,0.783,8.3,33.8,42.1,25.6,9.1,5.9,15,19.1,102.8,,Southeast Division,
8,Boston Celtics*,2016,82,241.2,48,34,0.585365854,39.2,89.2,0.439,8.7,26.1,0.335,30.5,63.1,0.483,18.5,23.5,0.788,11.6,33.3,44.9,24.2,9.2,4.2,13.7,21.9,105.7,,Atlantic Division,
28,Brooklyn Nets,2016,82,240.9,21,61,0.256097561,38.2,84.4,0.453,6.5,18.4,0.352,31.8,66,0.481,15.7,20.7,0.757,10.5,31.9,42.4,22.3,7.6,4,14.8,18,98.6,,Atlantic Division,
9,Charlotte Hornets*,2016,82,242.1,48,34,0.585365854,37,84.4,0.439,10.6,29.4,0.362,26.4,55,0.479,18.7,23.7,0.79,9,35,43.9,21.7,7.3,5.3,12.6,18.1,103.4,,Southeast Division,
16,Chicago Bulls,2016,82,242.7,42,40,0.512195122,38.6,87.4,0.441,7.9,21.4,0.371,30.7,66.1,0.464,16.5,21,0.787,11.1,35.2,46.3,22.8,6,5.7,13.9,18.8,101.6,,Central Division,
3,Cleveland Cavaliers*,2016,82,242.1,57,25,0.695121951,38.7,84,0.46,10.7,29.6,0.362,27.9,54.4,0.514,16.3,21.7,0.748,10.6,33.9,44.5,22.7,6.7,3.9,13.6,20.3,104.3,Yes,Central Division,
14,Dallas Mavericks*,2016,82,244,42,40,0.512195122,37.4,84.1,0.444,9.8,28.6,0.344,27.5,55.6,0.495,17.7,22.3,0.794,9.2,33.9,43.1,22.1,6.8,3.7,12.8,19.5,102.3,,Southwest Division,
21,Denver Nuggets,2016,82,241.8,33,49,0.402439024,37.7,85.4,0.442,8,23.7,0.338,29.7,61.7,0.482,18.5,24.1,0.766,11.5,33.1,44.6,22.7,7.4,4.8,14.7,21,101.9,,Northwest Division,
12,Detroit Pistons*,2016,82,242.4,44,38,0.536585366,37.9,86.4,0.439,9,26.2,0.345,28.9,60.2,0.48,17.1,25.5,0.668,12.5,33.9,46.3,19.4,7,3.7,13.5,19,102,,Central Division,
1,Golden State Warriors*,2016,82,242.4,73,9,0.890243902,42.5,87.3,0.487,13.1,31.6,0.416,29.4,55.7,0.528,16.7,21.8,0.763,10,36.2,46.2,28.9,8.4,6.1,15.2,20.7,114.9,,Pacific Division,Yes
17,Houston Rockets*,2016,82,241.8,41,41,0.5,37.7,83.5,0.452,10.7,30.9,0.347,27,52.6,0.514,20.4,29.4,0.694,11.3,31.7,43.1,22.2,10,5.2,15.9,21.8,106.5,,Southwest Division,
11,Indiana Pacers*,2016,82,242.4,45,37,0.548780488,38.3,85.2,0.45,8.1,23,0.351,30.2,62.1,0.486,17.4,22.8,0.764,10.3,33.9,44.2,21.2,9,4.8,14.9,20,102.2,,Central Division,
,League Average,2016,82,241.8,,,#DIV/0!,38.2,84.6,0.452,8.5,24.1,0.354,29.7,60.5,0.491,17.7,23.4,0.757,10.4,33.3,43.8,22.3,7.8,5,14.4,20.3,102.7,,,
6,Los Angeles Clippers*,2016,82,241.8,53,29,0.646341463,38.3,82.4,0.465,9.7,26.7,0.364,28.6,55.7,0.513,18.2,26.2,0.692,8.8,33.3,42,22.8,8.6,5.6,13,21.3,104.5,,Pacific Division,
29,Los Angeles Lakers,2016,82,240.6,17,65,0.207317073,35.1,84.8,0.414,7.8,24.6,0.317,27.3,60.2,0.454,19.3,24.7,0.781,10.7,32.3,43,18,7.2,4.1,13.7,20.3,97.3,,Pacific Division,
15,Memphis Grizzlies*,2016,82,241.8,42,40,0.512195122,36.8,83.6,0.44,6.1,18.5,0.331,30.7,65.1,0.471,19.3,24.7,0.783,11.2,30.5,41.6,20.7,8.8,4.3,13.3,21.7,99.1,,Southwest Division,
10,Miami Heat*,2016,82,241.8,48,34,0.585365854,38.4,81.7,0.47,6.1,18,0.336,32.3,63.6,0.508,17.1,23,0.744,9.8,34.3,44.1,20.8,6.7,6.5,14.1,18.3,100,,Southeast Division,
22,Milwaukee Bucks,2016,82,241.8,33,49,0.402439024,38.4,82.2,0.467,5.4,15.6,0.345,33,66.6,0.495,17,22.7,0.747,10.5,31.2,41.7,23.1,8.2,5.8,15.2,20.7,99,,Central Division,
26,Minnesota Timberwolves,2016,82,242.4,29,53,0.353658537,37.7,81.3,0.464,5.5,16.4,0.338,32.2,64.9,0.496,21.4,27,0.792,10,31.5,41.6,23.4,8,4.6,15,20.7,102.4,,Northwest Division,
25,New Orleans Pelicans,2016,82,241.2,30,52,0.365853659,38.5,85.9,0.448,8.6,23.8,0.36,29.9,62.1,0.482,17.3,22.2,0.776,9.5,33.1,42.6,22.2,7.7,4.2,13.4,20.9,102.7,,Southwest Division,
24,New York Knicks,2016,82,241.5,32,50,0.390243902,36.9,84,0.439,7.4,21.5,0.346,29.4,62.5,0.471,17.2,21.4,0.805,10.4,34,44.4,20.5,5.7,5.7,13.4,19.7,98.4,,Atlantic Division,
5,Oklahoma City Thunder*,2016,82,241.8,55,27,0.670731707,41.1,86.4,0.476,8.3,23.7,0.349,32.9,62.6,0.524,19.7,25.2,0.782,13.1,35.6,48.6,23,7.4,5.9,15.9,20.6,110.2,,Northwest Division,
20,Orlando Magic,2016,82,242.7,35,47,0.426829268,39.5,86.8,0.455,7.8,22.2,0.35,31.8,64.7,0.492,15.2,20.1,0.757,10.3,33,43.3,23.6,8.2,5.1,14.1,20.7,102.1,,Southeast Division,
30,Philadelphia 76ers,2016,82,241.5,10,72,0.12195122,36.2,84,0.431,9.3,27.5,0.339,26.9,56.5,0.476,15.7,22.6,0.694,9.5,31.8,41.2,21.5,8.3,6,16.4,21.7,97.4,,Atlantic Division,
27,Phoenix Suns,2016,82,240.3,23,59,0.280487805,37.2,85.6,0.435,9,25.8,0.348,28.2,59.8,0.472,17.5,23.2,0.751,11.5,33.3,44.8,20.7,7.7,3.8,17.2,22.7,100.9,,Pacific Division,
13,Portland Trail Blazers*,2016,82,241.5,44,38,0.536585366,38.6,85.9,0.45,10.5,28.5,0.37,28.1,57.4,0.49,17.4,23,0.754,11.6,33.9,45.5,21.3,6.9,4.6,14.6,21.7,105.1,,Northwest Division,
23,Sacramento Kings,2016,82,241.5,33,49,0.402439024,40,86.4,0.464,8,22.4,0.359,32,64,0.5,18.5,25.5,0.725,10.6,33.7,44.2,24.5,8.9,4.5,16.2,20.4,106.6,,Pacific Division,
2,San Antonio Spurs*,2016,82,240.3,67,15,0.817073171,40.1,82.9,0.484,7,18.5,0.375,33.2,64.4,0.515,16.4,20.4,0.803,9.4,34.5,43.9,24.5,8.3,5.9,13.1,17.5,103.5,,Southwest Division,
4,Toronto Raptors*,2016,82,241.2,56,26,0.682926829,36.7,81.3,0.451,8.6,23.4,0.37,28,58,0.483,20.8,26.7,0.777,10.2,33.2,43.4,18.7,7.8,5.5,13.1,19.6,102.7,,Atlantic Division,
19,Utah Jazz,2016,82,243.4,40,42,0.487804878,36.1,80.4,0.449,8.5,23.9,0.355,27.6,56.5,0.488,17.1,23,0.744,10.7,32.5,43.2,19,7.7,5.2,14.9,20.2,97.7,,Northwest Division,
18,Washington Wizards,2016,82,240.9,41,41,0.5,39.5,85.8,0.46,8.6,24.2,0.358,30.8,61.6,0.501,16.5,22.5,0.73,9.1,32.8,41.8,24.5,8.6,3.9,14.5,20.8,104.1,,Southeast Division,
2,Atlanta Hawks*,2015,82,240.6,60,22,0.731707317,38.1,81.7,0.466,10,26.2,0.38,28.1,55.5,0.506,16.5,21.2,0.778,8.7,31.8,40.6,25.7,9.1,4.6,14.2,17.8,102.5,,Southeast Division,
16,Boston Celtics*,2015,82,242.4,40,42,0.487804878,38.9,87.9,0.443,8,24.6,0.327,30.9,63.3,0.488,15.4,20.5,0.754,11.1,32.7,43.8,24.5,8.2,3.6,13.8,21.2,101.4,,Atlantic Division,
18,Brooklyn Nets*,2015,82,243,38,44,0.463414634,37.4,83,0.451,6.6,19.9,0.331,30.8,63.1,0.489,16.6,22.2,0.748,10.3,32,42.4,20.9,7,4.1,13.8,19.3,98,,Atlantic Division,
22,Charlotte Hornets,2015,82,242.7,33,49,0.402439024,35.5,84.5,0.42,6.1,19.1,0.318,29.5,65.4,0.45,17,22.8,0.748,10,34.1,44.1,20.2,6.1,5.5,11.9,18.2,94.2,,Southeast Division,
9,Chicago Bulls*,2015,82,242.4,50,32,0.609756098,36.6,82.9,0.442,7.9,22.3,0.353,28.7,60.6,0.474,19.7,25.2,0.783,11.7,34,45.7,21.7,6.3,5.8,14,18.2,100.8,,Central Division,
7,Cleveland Cavaliers*,2015,82,241.2,53,29,0.646341463,37.7,82.2,0.458,10.1,27.5,0.367,27.6,54.7,0.504,17.7,23.6,0.751,11.1,31.9,43,22.1,7.4,4.1,14.3,18.4,103.1,,Central Division,
10,Dallas Mavericks*,2015,82,242.4,50,32,0.609756098,39.7,85.8,0.463,8.9,25.4,0.352,30.8,60.4,0.509,16.9,22.5,0.752,10.5,31.8,42.3,22.5,8.1,4.5,13,20,105.2,,Southwest Division,
24,Denver Nuggets,2015,82,242.4,30,52,0.365853659,37.8,87.3,0.433,8,24.8,0.325,29.7,62.5,0.476,17.8,24.3,0.734,12.3,32.4,44.7,21.8,7.8,4.5,14.2,23,101.5,,Northwest Division,
23,Detroit Pistons,2015,82,241.8,32,50,0.390243902,37.1,85.8,0.432,8.6,24.9,0.344,28.5,60.9,0.468,15.8,22.4,0.703,12.8,32.1,44.9,21.6,7.6,4.7,13.4,19,98.5,,Central Division,
1,Golden State Warriors*,2015,82,240.6,67,15,0.817073171,41.6,87,0.478,10.8,27,0.398,30.8,60,0.514,16,20.8,0.768,10.4,34.3,44.7,27.4,9.3,6,14.5,19.9,110,Yes,Pacific Division,Yes
3,Houston Rockets*,2015,82,241.5,56,26,0.682926829,37,83.3,0.444,11.4,32.7,0.348,25.6,50.6,0.506,18.6,26,0.715,11.7,32,43.7,22.2,9.5,5,16.7,22,103.9,,Southwest Division,
19,Indiana Pacers,2015,82,242.1,38,44,0.463414634,36.6,83.2,0.439,7.5,21.2,0.352,29.1,62,0.469,16.7,22.2,0.756,10.4,34.4,44.9,21.4,6.2,4.6,14,21.2,97.3,,Central Division,
,League Average,2015,82,242,,,#DIV/0!,37.5,83.6,0.449,7.8,22.4,0.35,29.7,61.2,0.485,17.1,22.8,0.75,10.9,32.4,43.3,22,7.7,4.8,14.4,20.2,100,,,
4,Los Angeles Clippers*,2015,82,240.6,56,26,0.682926829,39.4,83.3,0.473,10.1,26.9,0.376,29.3,56.4,0.519,17.9,25.2,0.71,9.6,33.1,42.6,24.8,7.8,5,12.3,21.3,106.7,,Pacific Division,
27,Los Angeles Lakers,2015,82,243,21,61,0.256097561,37.2,85.6,0.435,6.5,18.9,0.344,30.8,66.8,0.461,17.5,23.6,0.741,11.6,32.3,43.9,20.9,7,4.5,13.2,21.2,98.5,,Pacific Division,
5,Memphis Grizzlies*,2015,82,242.7,55,27,0.670731707,37.8,82.5,0.458,5.2,15.2,0.339,32.6,67.3,0.485,17.6,22.8,0.773,10.4,32.1,42.6,21.7,8.5,4.2,13.3,19.1,98.3,,Southwest Division,
21,Miami Heat,2015,82,240.6,37,45,0.451219512,35.2,77.2,0.456,6.8,20.2,0.335,28.4,57,0.499,17.5,23.7,0.741,9.1,30,39.1,19.8,7.8,4.5,14.8,20,94.7,,Southeast Division,
15,Milwaukee Bucks*,2015,82,243,41,41,0.5,37.6,82,0.459,6.6,18.3,0.363,31,63.7,0.486,16,21.1,0.757,10.7,31.4,42.1,23.6,9.6,4.9,16.7,22.1,97.8,,Central Division,
30,Minnesota Timberwolves,2015,82,241.5,16,66,0.195121951,36.4,83.2,0.438,5,14.9,0.332,31.5,68.3,0.461,20,25.7,0.776,11.6,29.3,40.9,21.6,8.1,4,15,19.2,97.8,,Northwest Division,
13,New Orleans Pelicans*,2015,82,241.2,45,37,0.548780488,37.9,82.9,0.457,7.1,19.3,0.37,30.8,63.6,0.484,16.4,21.8,0.751,11.5,32,43.5,22,6.7,6.2,13.3,18.7,99.4,,Southwest Division,
29,New York Knicks,2015,82,242.1,17,65,0.207317073,35.1,82,0.428,6.8,19.7,0.347,28.3,62.3,0.454,14.8,19.2,0.769,10.6,29.8,40.4,21.3,7,4.7,14.7,21.6,91.9,,Atlantic Division,
14,Oklahoma City Thunder,2015,82,241.8,45,37,0.548780488,38.8,86.8,0.447,7.7,22.7,0.339,31.1,64.1,0.486,18.6,24.6,0.754,12.8,34.7,47.5,20.5,7.3,5.5,14.7,22.3,104,,Northwest Division,
26,Orlando Magic,2015,82,240.9,25,57,0.304878049,37.5,82.8,0.453,6.8,19.5,0.347,30.8,63.3,0.486,13.9,19.1,0.729,10,31.8,41.8,20.6,7.9,3.8,14.9,20.9,95.7,,Southeast Division,
28,Philadelphia 76ers,2015,82,241.5,18,64,0.219512195,33.7,82.6,0.408,8.4,26.3,0.32,25.3,56.3,0.449,16.1,23.8,0.676,11.9,30.9,42.9,20.5,9.6,5.9,17.7,21.7,92,,Atlantic Division,
17,Phoenix Suns,2015,82,242.4,39,43,0.475609756,38.8,85.8,0.452,8.5,25,0.341,30.2,60.9,0.497,16.4,21.5,0.76,10.9,32.2,43.2,20.2,8.5,4.7,15.1,21.3,102.4,,Pacific Division,
8,Portland Trail Blazers*,2015,82,242.1,51,31,0.62195122,38.7,86,0.45,9.8,27.2,0.362,28.9,58.8,0.491,15.5,19.4,0.801,10.7,35.1,45.9,21.9,6.4,4.5,13.6,18.2,102.8,,Northwest Division,
25,Sacramento Kings,2015,82,242.1,29,53,0.353658537,36.7,80.7,0.455,5.6,16.5,0.341,31.1,64.2,0.484,22.3,29.3,0.762,10.9,33.3,44.2,20.3,6.7,4,16.3,20.7,101.3,,Pacific Division,
6,San Antonio Spurs*,2015,82,243.4,55,27,0.670731707,39.1,83.6,0.468,8.3,22.5,0.367,30.9,61.1,0.505,16.7,21.4,0.78,9.8,33.8,43.6,24.4,8,5.4,14,19.1,103.2,,Southwest Division,
11,Toronto Raptors*,2015,82,242.1,49,33,0.597560976,37.9,83.3,0.455,8.9,25.1,0.352,29,58.2,0.499,19.3,24.6,0.787,10.7,30.8,41.5,20.7,7.5,4.4,12.9,20.9,104,,Atlantic Division,
20,Utah Jazz,2015,82,240.3,38,44,0.463414634,35.4,79.2,0.447,7.4,21.7,0.343,27.9,57.5,0.486,17,23.5,0.721,12,31.9,44,19.9,7.6,6,15.3,19.3,95.1,,Northwest Division,
12,Washington Wizards*,2015,82,243.4,46,36,0.56097561,38.3,82.8,0.462,6.1,16.8,0.36,32.2,66,0.488,15.9,21.4,0.742,10.5,34.2,44.7,24,7.3,4.6,15,20.8,98.5,,Southeast Division,
18,Atlanta Hawks*,2014,82,241.8,38,44,0.463414634,37.3,81.6,0.458,9.4,25.8,0.363,28,55.8,0.502,17,21.7,0.781,8.7,31.3,40,24.9,8.3,4,15.3,19.2,101,,Southeast Division,
26,Boston Celtics,2014,82,240.6,25,57,0.304878049,36.5,83.9,0.435,7,21.1,0.333,29.5,62.9,0.47,16.2,20.8,0.777,12,30.5,42.5,21,7.1,4.2,15.4,21.3,96.2,,Atlantic Division,
14,Brooklyn Nets*,2014,82,242.4,44,38,0.536585366,35.7,77.9,0.459,8.6,23.4,0.369,27.1,54.5,0.497,18.4,24.4,0.753,8.8,29.4,38.1,20.9,8.6,3.8,14.5,21.7,98.5,,Atlantic Division,
16,Charlotte Bobcats*,2014,82,242.7,43,39,0.524390244,36.3,82.1,0.442,6.3,17.9,0.351,30,64.1,0.468,18,24.4,0.737,9.5,33.2,42.7,21.7,6.1,5.1,12.3,18.2,96.9,,Southeast Division,
11,Chicago Bulls*,2014,82,243,48,34,0.585365854,34.7,80.2,0.432,6.2,17.8,0.348,28.5,62.4,0.456,18.1,23.3,0.779,11.4,32.7,44.1,22.7,7.2,5.2,14.9,19.1,93.7,,Central Division,
22,Cleveland Cavaliers,2014,82,243,33,49,0.402439024,37,84.8,0.437,7.1,20,0.356,29.9,64.8,0.461,17,22.7,0.751,12.1,32.1,44.1,21.2,7.1,3.7,14.2,20,98.2,,Central Division,
10,Dallas Mavericks*,2014,82,241.8,49,33,0.597560976,39.6,83.6,0.474,8.8,22.9,0.384,30.8,60.7,0.508,16.8,21.1,0.795,10.2,30.7,40.9,23.6,8.6,4.3,13.5,20,104.8,,Southwest Division,
20,Denver Nuggets,2014,82,240.9,36,46,0.43902439,38.4,85.9,0.447,8.6,23.9,0.358,29.8,62,0.481,19.1,26.3,0.726,12.3,33.1,45.4,22.4,7.5,5.6,15.9,23,104.4,,Northwest Division,
23,Detroit Pistons,2014,82,241.2,29,53,0.353658537,38.8,86.9,0.447,6.2,19.3,0.321,32.6,67.6,0.483,17.3,25.7,0.67,14.6,30.8,45.4,20.9,8.4,4.8,14.5,20.3,101,,Central Division,
8,Golden State Warriors*,2014,82,241.8,51,31,0.62195122,39.5,85.4,0.462,9.4,24.8,0.38,30,60.6,0.496,15.9,21.1,0.753,10.9,34.4,45.3,23.3,7.8,5,15.2,21.8,104.3,,Pacific Division,
5,Houston Rockets*,2014,82,241.8,54,28,0.658536585,38,80.5,0.472,9.5,26.6,0.358,28.5,54,0.529,22.1,31.1,0.712,11.2,34.1,45.3,21.4,7.6,5.6,16.1,20.4,107.7,,Southwest Division,
4,Indiana Pacers*,2014,82,241.2,56,26,0.682926829,36,80.2,0.449,6.7,18.8,0.357,29.3,61.4,0.477,18.1,23.3,0.779,10.2,34.5,44.7,20.1,6.7,5.4,15.1,20.4,96.7,,Central Division,
,League Average,2014,82,242,,,#DIV/0!,37.7,83,0.454,7.7,21.5,0.36,30,61.5,0.488,17.8,23.6,0.756,10.9,31.8,42.7,22,7.7,4.7,14.6,20.7,101,,,
3,Los Angeles Clippers*,2014,82,240.9,57,25,0.695121951,39.1,82.5,0.474,8.5,24,0.352,30.7,58.5,0.525,21.2,29.1,0.73,10.5,32.5,43,24.6,8.6,4.8,13.9,21.5,107.9,,Pacific Division,
25,Los Angeles Lakers,2014,82,240.3,27,55,0.329268293,38.3,85.1,0.45,9.4,24.8,0.381,28.8,60.3,0.478,17,22.4,0.757,9.1,32,41,24.5,7.5,5.4,15.1,19.8,103,,Pacific Division,
9,Memphis Grizzlies*,2014,82,241.5,50,32,0.609756098,38.1,82,0.464,4.9,14,0.353,33.1,68,0.487,15.1,20.3,0.741,11.6,30.8,42.4,21.9,7.7,4.6,13.7,19.1,96.1,,Southwest Division,
6,Miami Heat*,2014,82,242.4,54,28,0.658536585,38.3,76.5,0.501,8.1,22.3,0.364,30.2,54.2,0.558,17.5,23,0.76,7.6,29.2,36.9,22.5,8.9,4.5,14.8,19.5,102.2,,Southeast Division,
30,Milwaukee Bucks,2014,82,242.4,15,67,0.182926829,36,82.2,0.438,6.7,18.9,0.353,29.3,63.2,0.464,16.8,22.5,0.747,11.8,29.3,41.1,21.5,6.6,4.9,15.1,20.9,95.5,,Central Division,
17,Minnesota Timberwolves,2014,82,242.1,40,42,0.487804878,38.9,87.5,0.444,7.3,21.4,0.341,31.6,66.1,0.478,21.8,28.1,0.778,12.5,32.2,44.7,23.9,8.8,3.6,13.9,18.3,106.9,,Northwest Division,
21,New Orleans Pelicans,2014,82,242.1,34,48,0.414634146,37.8,82.5,0.459,5.9,15.9,0.373,31.9,66.6,0.479,18.2,23.6,0.769,11.4,30.3,41.7,21.3,7.9,6.4,13.8,22.6,99.7,,Southwest Division,
19,New York Knicks,2014,82,242.1,37,45,0.451219512,36.9,82.2,0.449,9.3,24.9,0.372,27.7,57.3,0.482,15.5,20.4,0.761,10.6,29.7,40.3,20,7.7,4.5,13,22.1,98.6,,Atlantic Division,
2,Oklahoma City Thunder*,2014,82,241.5,59,23,0.719512195,39,82.7,0.471,8.1,22.4,0.361,30.9,60.3,0.512,20.2,25,0.806,10.8,33.9,44.7,21.9,8.3,6.1,15.3,22.7,106.2,,Northwest Division,Yes
28,Orlando Magic,2014,82,243.4,23,59,0.280487805,36.9,82.7,0.445,6.9,19.5,0.353,30,63.3,0.474,15.9,20.9,0.763,9.7,32.4,42,21,7.7,4.3,14.9,20.5,96.5,,Southeast Division,
29,Philadelphia 76ers,2014,82,242.1,19,63,0.231707317,37.9,87.2,0.435,7,22.5,0.312,30.9,64.7,0.477,16.6,23.4,0.71,11.6,31.2,42.7,21.8,9.3,4,16.9,22.5,99.5,,Atlantic Division,
13,Phoenix Suns,2014,82,240.9,48,34,0.585365854,38.7,83.5,0.463,9.3,25.1,0.372,29.4,58.4,0.503,18.5,24.4,0.758,11.3,31.7,43,19.1,8.4,4.6,15.3,21.9,105.2,,Pacific Division,
7,Portland Trail Blazers*,2014,82,242.1,54,28,0.658536585,39.1,87,0.45,9.4,25.3,0.372,29.7,61.7,0.481,19.1,23.5,0.815,12.5,34,46.4,23.2,5.5,4.7,13.7,19.2,106.7,,Northwest Division,
24,Sacramento Kings,2014,82,241.8,28,54,0.341463415,36.9,82.5,0.447,6,18,0.333,30.9,64.5,0.479,20.7,27.3,0.759,12.1,32.4,44.5,18.9,7.2,3.9,15.2,22.5,100.5,,Pacific Division,
1,San Antonio Spurs*,2014,82,240.9,62,20,0.756097561,40.6,83.5,0.486,8.5,21.4,0.397,32,62,0.517,15.7,20,0.785,9.3,34,43.3,25.2,7.4,5.1,14.4,18.2,105.4,Yes,Southwest Division,
12,Toronto Raptors*,2014,82,243.4,48,34,0.585365854,36.5,81.9,0.445,8.7,23.4,0.372,27.8,58.5,0.475,19.6,25.1,0.782,11.4,31.1,42.5,21.2,7,4.2,14.1,23,101.3,,Atlantic Division,
27,Utah Jazz,2014,82,241.2,25,57,0.304878049,36,81.1,0.444,6.6,19.2,0.344,29.4,61.9,0.474,16.4,22,0.747,11,30.2,41.2,20.3,7,4.5,14.6,20.7,95,,Northwest Division,
15,Washington Wizards*,2014,82,244.6,44,38,0.536585366,38.7,84.4,0.459,7.9,20.8,0.38,30.9,63.6,0.485,15.3,20.9,0.731,10.8,31.4,42.2,23.3,8.1,4.6,14.7,20.4,100.7,,Southeast Division,
14,Atlanta Hawks*,2013,82,242.1,44,38,0.536585366,37.6,81,0.464,8.6,23.2,0.371,29,57.8,0.501,14.1,19.7,0.715,9.2,31.6,40.9,24.5,8.1,4.5,14.9,18,98,,Southeast Division,
16,Boston Celtics*,2013,81,244.9,41,40,0.50617284,37,79.7,0.465,6.1,17.2,0.358,30.9,62.6,0.494,16.3,21,0.776,8.1,31.3,39.3,22.8,8.2,4.5,14.6,21.2,96.5,,Atlantic Division,
8,Brooklyn Nets*,2013,82,242.1,49,33,0.597560976,35.9,79.8,0.45,7.7,21.5,0.357,28.2,58.3,0.484,17.5,23.9,0.731,12.8,30,42.8,20.3,7.3,4.8,14.7,18.3,96.9,,Atlantic Division,
29,Charlotte Bobcats,2013,82,241.5,21,61,0.256097561,34.4,81.1,0.425,5.7,17.1,0.335,28.7,64,0.448,18.9,25.1,0.75,11.2,29.1,40.3,19.4,7.2,5.8,14.1,19,93.4,,Southeast Division,
11,Chicago Bulls*,2013,82,241.8,45,37,0.548780488,35.7,81.7,0.437,5.4,15.4,0.353,30.2,66.3,0.456,16.4,21.2,0.773,12.5,30.7,43.2,23,7.2,5.1,14.3,19.7,93.2,,Central Division,
28,Cleveland Cavaliers,2013,82,240.6,24,58,0.292682927,36.5,84.2,0.434,6.7,19.3,0.346,29.8,64.9,0.46,16.8,22.3,0.756,12.2,28.8,41,20.7,7.9,4.1,14,21.2,96.5,,Central Division,
17,Dallas Mavericks,2013,82,243.7,41,41,0.5,38.8,84,0.462,7.4,19.9,0.372,31.4,64.2,0.489,16.1,20.4,0.793,9.4,32.6,41.9,23.2,7.9,5.5,14,20.7,101.1,,Southwest Division,
4,Denver Nuggets*,2013,82,242.7,57,25,0.695121951,40.7,85.2,0.478,6.4,18.5,0.343,34.4,66.6,0.516,18.4,26.2,0.701,13.3,31.7,45,24.4,9.3,6.5,15.3,20.5,106.1,,Northwest Division,
23,Detroit Pistons,2013,82,241.5,29,53,0.353658537,36.3,81,0.449,6.3,17.6,0.356,30.1,63.4,0.474,15.9,22.8,0.699,12.1,30,42.1,21.2,7,4.9,15.1,19.8,94.9,,Central Division,
10,Golden State Warriors*,2013,82,241.5,47,35,0.573170732,38.2,83.4,0.458,8,19.9,0.403,30.1,63.5,0.475,16.8,21.3,0.79,10.8,34.2,45,22.5,6.9,4.2,15.1,21.4,101.2,,Pacific Division,
12,Houston Rockets*,2013,82,241.2,45,37,0.548780488,38.1,82.7,0.461,10.6,28.9,0.366,27.5,53.8,0.511,19.2,25.5,0.754,11.1,32.3,43.4,23.2,8.3,4.4,16.4,20.3,106,,Southwest Division,
9,Indiana Pacers*,2013,81,241.9,49,32,0.604938272,35.1,80.6,0.436,6.9,19.7,0.347,28.3,60.8,0.465,17.6,23.6,0.746,12.9,33,45.9,20.3,7.2,6.3,15.1,20,94.7,,Central Division,
,League Average,2013,82,241.9,,,#DIV/0!,37.1,82,0.453,7.2,20,0.359,30,62.1,0.483,16.7,22.2,0.753,11.2,31,42.1,22.1,7.8,5.1,14.6,19.8,98.1,,,
5,Los Angeles Clippers*,2013,82,240.6,56,26,0.682926829,38.5,80.6,0.478,7.6,21.4,0.358,30.9,59.2,0.522,16.4,23,0.711,11.4,30.2,41.6,23.9,9.6,5.6,14.6,20.9,101.1,,Pacific Division,
13,Los Angeles Lakers*,2013,82,240.9,45,37,0.548780488,37.1,81,0.458,8.7,24.6,0.355,28.4,56.4,0.503,19.3,27.9,0.692,11.5,33.3,44.8,22.2,7,5.2,15,17.9,102.2,,Pacific Division,
6,Memphis Grizzlies*,2013,82,241.5,56,26,0.682926829,36.1,81.5,0.444,4.7,13.5,0.345,31.5,68,0.463,16.5,21.3,0.773,12.9,29.8,42.7,20.9,8.6,5.3,14,20.2,93.4,,Southwest Division,
1,Miami Heat*,2013,82,242.4,66,16,0.804878049,38.4,77.4,0.496,8.7,22.1,0.396,29.6,55.4,0.536,17.4,23,0.754,8.2,30.4,38.6,23,8.7,5.4,13.9,18.7,102.9,Yes,Southeast Division,Yes
18,Milwaukee Bucks*,2013,82,241.8,38,44,0.463414634,38.1,87.8,0.435,7.3,20.4,0.36,30.8,67.4,0.457,15.3,20.7,0.736,13,30.9,44,22.9,8.4,6.7,14.1,19,98.9,,Central Division,
22,Minnesota Timberwolves,2013,82,240.6,31,51,0.37804878,35.9,81.7,0.439,5.5,18,0.305,30.4,63.7,0.477,18.5,24.9,0.742,11.9,30.2,42,22.4,8.5,4.7,14.8,18.4,95.7,,Northwest Division,
26,New Orleans Hornets,2013,82,241.2,27,55,0.329268293,36,80.4,0.448,6.5,18,0.363,29.5,62.4,0.473,15.5,20,0.776,12,29.6,41.6,21,6.3,5.4,14.5,20.4,94.1,,Southwest Division,
7,New York Knicks*,2013,82,240.6,54,28,0.658536585,36.5,81.6,0.448,10.9,28.9,0.376,25.7,52.7,0.487,16,21.1,0.759,10.9,29.7,40.6,19.3,8.2,3.6,12,20.1,100,,Atlantic Division,
2,Oklahoma City Thunder*,2013,82,241.8,60,22,0.731707317,38.1,79.3,0.481,7.3,19.4,0.377,30.8,60,0.514,22.2,26.8,0.828,10.4,33.2,43.6,21.4,8.3,7.6,15.3,20.2,105.7,,Northwest Division,
30,Orlando Magic,2013,82,241.2,20,62,0.243902439,37.7,84.2,0.448,6.2,18.7,0.329,31.5,65.5,0.482,12.5,16.6,0.755,10.9,31.9,42.7,22.8,6.4,4.4,14.5,19.4,94.1,,Southeast Division,
19,Philadelphia 76ers,2013,82,240.9,34,48,0.414634146,37.3,84.1,0.444,6.3,17.5,0.36,31,66.5,0.466,12.2,16.8,0.729,10.9,30.4,41.3,22.8,7.4,4.7,13,18.4,93.2,,Atlantic Division,
27,Phoenix Suns,2013,82,241.5,25,57,0.304878049,37.3,84.4,0.443,5.9,17.7,0.33,31.5,66.6,0.473,14.7,19.7,0.744,11.7,29.9,41.6,22.6,8,5.3,15.6,20.6,95.2,,Pacific Division,
21,Portland Trail Blazers,2013,82,242.1,33,49,0.402439024,36.7,81.9,0.448,8.2,23.2,0.353,28.5,58.7,0.486,15.9,20.5,0.776,10.7,30.2,40.8,21.8,6.6,4.3,14.7,18.5,97.5,,Northwest Division,
25,Sacramento Kings,2013,82,241.8,28,54,0.341463415,37.6,84.2,0.447,7.4,20.5,0.363,30.2,63.7,0.474,17.5,22.8,0.769,11.5,29.1,40.6,20.8,8.2,4.2,14.6,20.9,100.2,,Pacific Division,
3,San Antonio Spurs*,2013,82,242.4,58,24,0.707317073,39.1,81.4,0.481,8.1,21.5,0.376,31.1,59.9,0.519,16.6,21,0.791,8.1,33.2,41.3,25.1,8.5,5.4,14.7,17.4,103,,Southwest Division,
20,Toronto Raptors,2013,82,243.7,34,48,0.414634146,36.3,81.5,0.446,7,20.3,0.343,29.4,61.2,0.48,17.6,22.3,0.788,10.6,29.6,40.2,21.5,7.3,4.8,13.7,22.4,97.2,,Atlantic Division,
15,Utah Jazz,2013,82,242.4,43,39,0.524390244,37.1,81.8,0.454,6.2,16.9,0.366,31,64.9,0.477,17.5,23,0.764,12.1,30,42,22.7,8.4,6.3,14.8,21.3,98,,Northwest Division,
24,Washington Wizards,2013,82,242.1,29,53,0.353658537,35.5,81.6,0.435,6.6,18.2,0.365,28.8,63.4,0.455,15.6,21.3,0.733,10.8,32.3,43.2,21.6,7.3,4.6,15.1,20.5,93.2,,Southeast Division,
